CHECK 1
CHECK 2
TRANS 1 10000 2 10000 3 10000 4 10000 5 10000 6 10000 7 10000 8 10000 9 10000 10 10000
TRANS 11 10000 12 10000 13 10000 14 10000 15 10000 16 10000 17 10000 18 10000 19 10000 20 10000
TRANS 21 10000 22 10000 23 10000 24 10000 25 10000 26 10000 27 10000 28 10000 29 10000 30 10000
TRANS 31 10000 32 10000 33 10000 34 10000 35 10000 36 10000 37 10000 38 10000 39 10000 40 10000
TRANS 41 10000 42 10000 43 10000 44 10000 45 10000 46 10000 47 10000 48 10000 49 10000 50 10000
TRANS 51 10000 52 10000 53 10000 54 10000 55 10000 56 10000 57 10000 58 10000 59 10000 60 10000
TRANS 61 10000 62 10000 63 10000 64 10000 65 10000 66 10000 67 10000 68 10000 69 10000 70 10000
TRANS 71 10000 72 10000 73 10000 74 10000 75 10000 76 10000 77 10000 78 10000 79 10000 80 10000
TRANS 81 10000 82 10000 83 10000 84 10000 85 10000 86 10000 87 10000 88 10000 89 10000 90 10000
TRANS 91 10000 92 10000 93 10000 94 10000 95 10000 96 10000 97 10000 98 10000 99 10000 100 10000
TRANS 101 10000 102 10000 103 10000 104 10000 105 10000 106 10000 107 10000 108 10000 109 10000 110 10000
TRANS 111 10000 112 10000 113 10000 114 10000 115 10000 116 10000 117 10000 118 10000 119 10000 120 10000
TRANS 121 10000 122 10000 123 10000 124 10000 125 10000 126 10000 127 10000 128 10000 129 10000 130 10000
TRANS 131 10000 132 10000 133 10000 134 10000 135 10000 136 10000 137 10000 138 10000 139 10000 140 10000
TRANS 141 10000 142 10000 143 10000 144 10000 145 10000 146 10000 147 10000 148 10000 149 10000 150 10000
TRANS 151 10000 152 10000 153 10000 154 10000 155 10000 156 10000 157 10000 158 10000 159 10000 160 10000
TRANS 161 10000 162 10000 163 10000 164 10000 165 10000 166 10000 167 10000 168 10000 169 10000 170 10000
TRANS 171 10000 172 10000 173 10000 174 10000 175 10000 176 10000 177 10000 178 10000 179 10000 180 10000
TRANS 181 10000 182 10000 183 10000 184 10000 185 10000 186 10000 187 10000 188 10000 189 10000 190 10000
TRANS 191 10000 192 10000 193 10000 194 10000 195 10000 196 10000 197 10000 198 10000 199 10000 200 10000
TRANS 201 10000 202 10000 203 10000 204 10000 205 10000 206 10000 207 10000 208 10000 209 10000 210 10000
TRANS 211 10000 212 10000 213 10000 214 10000 215 10000 216 10000 217 10000 218 10000 219 10000 220 10000
TRANS 221 10000 222 10000 223 10000 224 10000 225 10000 226 10000 227 10000 228 10000 229 10000 230 10000
TRANS 231 10000 232 10000 233 10000 234 10000 235 10000 236 10000 237 10000 238 10000 239 10000 240 10000
TRANS 241 10000 242 10000 243 10000 244 10000 245 10000 246 10000 247 10000 248 10000 249 10000 250 10000
TRANS 251 10000 252 10000 253 10000 254 10000 255 10000 256 10000 257 10000 258 10000 259 10000 260 10000
TRANS 261 10000 262 10000 263 10000 264 10000 265 10000 266 10000 267 10000 268 10000 269 10000 270 10000
TRANS 271 10000 272 10000 273 10000 274 10000 275 10000 276 10000 277 10000 278 10000 279 10000 280 10000
TRANS 281 10000 282 10000 283 10000 284 10000 285 10000 286 10000 287 10000 288 10000 289 10000 290 10000
TRANS 291 10000 292 10000 293 10000 294 10000 295 10000 296 10000 297 10000 298 10000 299 10000 300 10000
TRANS 301 10000 302 10000 303 10000 304 10000 305 10000 306 10000 307 10000 308 10000 309 10000 310 10000
TRANS 311 10000 312 10000 313 10000 314 10000 315 10000 316 10000 317 10000 318 10000 319 10000 320 10000
TRANS 321 10000 322 10000 323 10000 324 10000 325 10000 326 10000 327 10000 328 10000 329 10000 330 10000
TRANS 331 10000 332 10000 333 10000 334 10000 335 10000 336 10000 337 10000 338 10000 339 10000 340 10000
TRANS 341 10000 342 10000 343 10000 344 10000 345 10000 346 10000 347 10000 348 10000 349 10000 350 10000
TRANS 351 10000 352 10000 353 10000 354 10000 355 10000 356 10000 357 10000 358 10000 359 10000 360 10000
TRANS 361 10000 362 10000 363 10000 364 10000 365 10000 366 10000 367 10000 368 10000 369 10000 370 10000
TRANS 371 10000 372 10000 373 10000 374 10000 375 10000 376 10000 377 10000 378 10000 379 10000 380 10000
TRANS 381 10000 382 10000 383 10000 384 10000 385 10000 386 10000 387 10000 388 10000 389 10000 390 10000
TRANS 391 10000 392 10000 393 10000 394 10000 395 10000 396 10000 397 10000 398 10000 399 10000 400 10000
TRANS 401 10000 402 10000 403 10000 404 10000 405 10000 406 10000 407 10000 408 10000 409 10000 410 10000
TRANS 411 10000 412 10000 413 10000 414 10000 415 10000 416 10000 417 10000 418 10000 419 10000 420 10000
TRANS 421 10000 422 10000 423 10000 424 10000 425 10000 426 10000 427 10000 428 10000 429 10000 430 10000
TRANS 431 10000 432 10000 433 10000 434 10000 435 10000 436 10000 437 10000 438 10000 439 10000 440 10000
TRANS 441 10000 442 10000 443 10000 444 10000 445 10000 446 10000 447 10000 448 10000 449 10000 450 10000
TRANS 451 10000 452 10000 453 10000 454 10000 455 10000 456 10000 457 10000 458 10000 459 10000 460 10000
TRANS 461 10000 462 10000 463 10000 464 10000 465 10000 466 10000 467 10000 468 10000 469 10000 470 10000
TRANS 471 10000 472 10000 473 10000 474 10000 475 10000 476 10000 477 10000 478 10000 479 10000 480 10000
TRANS 481 10000 482 10000 483 10000 484 10000 485 10000 486 10000 487 10000 488 10000 489 10000 490 10000
TRANS 491 10000 492 10000 493 10000 494 10000 495 10000 496 10000 497 10000 498 10000 499 10000 500 10000
TRANS 501 10000 502 10000 503 10000 504 10000 505 10000 506 10000 507 10000 508 10000 509 10000 510 10000
TRANS 511 10000 512 10000 513 10000 514 10000 515 10000 516 10000 517 10000 518 10000 519 10000 520 10000
TRANS 521 10000 522 10000 523 10000 524 10000 525 10000 526 10000 527 10000 528 10000 529 10000 530 10000
TRANS 531 10000 532 10000 533 10000 534 10000 535 10000 536 10000 537 10000 538 10000 539 10000 540 10000
TRANS 541 10000 542 10000 543 10000 544 10000 545 10000 546 10000 547 10000 548 10000 549 10000 550 10000
TRANS 551 10000 552 10000 553 10000 554 10000 555 10000 556 10000 557 10000 558 10000 559 10000 560 10000
TRANS 561 10000 562 10000 563 10000 564 10000 565 10000 566 10000 567 10000 568 10000 569 10000 570 10000
TRANS 571 10000 572 10000 573 10000 574 10000 575 10000 576 10000 577 10000 578 10000 579 10000 580 10000
TRANS 581 10000 582 10000 583 10000 584 10000 585 10000 586 10000 587 10000 588 10000 589 10000 590 10000
TRANS 591 10000 592 10000 593 10000 594 10000 595 10000 596 10000 597 10000 598 10000 599 10000 600 10000
TRANS 601 10000 602 10000 603 10000 604 10000 605 10000 606 10000 607 10000 608 10000 609 10000 610 10000
TRANS 611 10000 612 10000 613 10000 614 10000 615 10000 616 10000 617 10000 618 10000 619 10000 620 10000
TRANS 621 10000 622 10000 623 10000 624 10000 625 10000 626 10000 627 10000 628 10000 629 10000 630 10000
TRANS 631 10000 632 10000 633 10000 634 10000 635 10000 636 10000 637 10000 638 10000 639 10000 640 10000
TRANS 641 10000 642 10000 643 10000 644 10000 645 10000 646 10000 647 10000 648 10000 649 10000 650 10000
TRANS 651 10000 652 10000 653 10000 654 10000 655 10000 656 10000 657 10000 658 10000 659 10000 660 10000
TRANS 661 10000 662 10000 663 10000 664 10000 665 10000 666 10000 667 10000 668 10000 669 10000 670 10000
TRANS 671 10000 672 10000 673 10000 674 10000 675 10000 676 10000 677 10000 678 10000 679 10000 680 10000
TRANS 681 10000 682 10000 683 10000 684 10000 685 10000 686 10000 687 10000 688 10000 689 10000 690 10000
TRANS 691 10000 692 10000 693 10000 694 10000 695 10000 696 10000 697 10000 698 10000 699 10000 700 10000
TRANS 701 10000 702 10000 703 10000 704 10000 705 10000 706 10000 707 10000 708 10000 709 10000 710 10000
TRANS 711 10000 712 10000 713 10000 714 10000 715 10000 716 10000 717 10000 718 10000 719 10000 720 10000
TRANS 721 10000 722 10000 723 10000 724 10000 725 10000 726 10000 727 10000 728 10000 729 10000 730 10000
TRANS 731 10000 732 10000 733 10000 734 10000 735 10000 736 10000 737 10000 738 10000 739 10000 740 10000
TRANS 741 10000 742 10000 743 10000 744 10000 745 10000 746 10000 747 10000 748 10000 749 10000 750 10000
TRANS 751 10000 752 10000 753 10000 754 10000 755 10000 756 10000 757 10000 758 10000 759 10000 760 10000
TRANS 761 10000 762 10000 763 10000 764 10000 765 10000 766 10000 767 10000 768 10000 769 10000 770 10000
TRANS 771 10000 772 10000 773 10000 774 10000 775 10000 776 10000 777 10000 778 10000 779 10000 780 10000
TRANS 781 10000 782 10000 783 10000 784 10000 785 10000 786 10000 787 10000 788 10000 789 10000 790 10000
TRANS 791 10000 792 10000 793 10000 794 10000 795 10000 796 10000 797 10000 798 10000 799 10000 800 10000
TRANS 801 10000 802 10000 803 10000 804 10000 805 10000 806 10000 807 10000 808 10000 809 10000 810 10000
TRANS 811 10000 812 10000 813 10000 814 10000 815 10000 816 10000 817 10000 818 10000 819 10000 820 10000
TRANS 821 10000 822 10000 823 10000 824 10000 825 10000 826 10000 827 10000 828 10000 829 10000 830 10000
TRANS 831 10000 832 10000 833 10000 834 10000 835 10000 836 10000 837 10000 838 10000 839 10000 840 10000
TRANS 841 10000 842 10000 843 10000 844 10000 845 10000 846 10000 847 10000 848 10000 849 10000 850 10000
TRANS 851 10000 852 10000 853 10000 854 10000 855 10000 856 10000 857 10000 858 10000 859 10000 860 10000
TRANS 861 10000 862 10000 863 10000 864 10000 865 10000 866 10000 867 10000 868 10000 869 10000 870 10000
TRANS 871 10000 872 10000 873 10000 874 10000 875 10000 876 10000 877 10000 878 10000 879 10000 880 10000
TRANS 881 10000 882 10000 883 10000 884 10000 885 10000 886 10000 887 10000 888 10000 889 10000 890 10000
TRANS 891 10000 892 10000 893 10000 894 10000 895 10000 896 10000 897 10000 898 10000 899 10000 900 10000
TRANS 901 10000 902 10000 903 10000 904 10000 905 10000 906 10000 907 10000 908 10000 909 10000 910 10000
TRANS 911 10000 912 10000 913 10000 914 10000 915 10000 916 10000 917 10000 918 10000 919 10000 920 10000
TRANS 921 10000 922 10000 923 10000 924 10000 925 10000 926 10000 927 10000 928 10000 929 10000 930 10000
TRANS 931 10000 932 10000 933 10000 934 10000 935 10000 936 10000 937 10000 938 10000 939 10000 940 10000
TRANS 941 10000 942 10000 943 10000 944 10000 945 10000 946 10000 947 10000 948 10000 949 10000 950 10000
TRANS 951 10000 952 10000 953 10000 954 10000 955 10000 956 10000 957 10000 958 10000 959 10000 960 10000
TRANS 961 10000 962 10000 963 10000 964 10000 965 10000 966 10000 967 10000 968 10000 969 10000 970 10000
TRANS 971 10000 972 10000 973 10000 974 10000 975 10000 976 10000 977 10000 978 10000 979 10000 980 10000
TRANS 981 10000 982 10000 983 10000 984 10000 985 10000 986 10000 987 10000 988 10000 989 10000 990 10000
TRANS 991 10000 992 10000 993 10000 994 10000 995 10000 996 10000 997 10000 998 10000 999 10000 1000 10000
TRANS 849 -4542
TRANS 411 -42
TRANS 227 4982 487 7232 6 -3604 374 8128 461 -4242
TRANS 53 -9494 347 8990
TRANS 309 -4786 362 8220 72 6940 366 4876 38 6144
TRANS 236 -7812 38 -9260 202 -9040 94 9558
TRANS 774 7374
TRANS 586 -9026 428 5606 43 -182 717 -9902
TRANS 869 -4254 374 -14806
TRANS 91 78
TRANS 304 -3902 475 -2930 799 -3794 480 3040 528 -1046 887 -1164
TRANS 792 -9908
TRANS 219 5700
TRANS 344 -1862 680 -5110 515 -3998
TRANS 807 -3470 592 1070 610 9672 313 8602 525 -2912 870 6140
TRANS 397 -4906 717 -68 533 4524 990 2252 727 -7316
TRANS 422 822 627 3492 81 -9178 52 5448 868 -2140
TRANS 478 -2468 102 -1840
TRANS 564 2970 122 -3414 884 1192
TRANS 636 8300 266 -7262 498 5502 545 -7040
TRANS 111 7782 315 -3614 216 -1490
TRANS 435 4214 867 1202 307 -4436 529 1706 884 -7162 251 8610
TRANS 822 2934 886 -2704 652 7536 126 2970 408 8654
TRANS 518 4276 426 6964 558 8868
TRANS 992 3082 357 -6434 219 -9528
TRANS 996 8264 151 -7820
TRANS 401 -980 574 -5218
TRANS 577 -9840 172 8090 556 -3652 34 -620 434 -4480
TRANS 991 -5612 624 9398 218 9346 590 -2014 9 -6262 431 -8308
TRANS 28 6410 628 -8592
TRANS 914 5570 609 -4698 15 -4892 970 -388 917 1332
TRANS 79 3360 883 -4132 504 4510 953 -782
TRANS 740 2648 882 7218 115 1586 550 -1408 89 1014 958 7088
TRANS 566 -7610 854 -5218 90 7304 717 12 851 -5622
TRANS 733 -1910 220 692 538 -1876 458 4128 251 14902 800 -1360
TRANS 349 7234 240 -190
TRANS 594 2078
TRANS 713 9770 965 -4056 51 -1392
TRANS 253 830 353 2166 766 -4758 638 -3964
TRANS 96 -9836
TRANS 435 -3936 297 -3726 432 1380
TRANS 479 6952 771 -2120 53 180 104 -4254
TRANS 506 4356 274 6394 286 -9046 96 34 198 1420
TRANS 528 166 285 -7088
TRANS 368 7062 552 -8664 46 -5418 277 -8924 851 1974 987 -6434
TRANS 708 8726
TRANS 462 1186
TRANS 748 2140
TRANS 798 6180 244 -2292 648 8954 140 26
TRANS 507 -2912
TRANS 305 1214 372 -8950 194 7512 574 1812 555 4424 240 9080
TRANS 701 -3328
TRANS 448 8814 200 4670 160 6414 100 9950 218 -2588
TRANS 959 6496
TRANS 250 -9594 737 280 334 8416 843 -4630
TRANS 749 7638 701 6638
TRANS 401 4280 1 1266 187 -9556 446 6208 347 18182
TRANS 916 3606 120 2142 232 -8958 124 -1650 334 -12010 318 -4420
TRANS 576 3088 688 658 776 9776 169 7184 810 2022
TRANS 996 3630
TRANS 45 -2832 718 -5614 687 -4478 19 -622 85 -592 683 9660
TRANS 779 -2690 915 -7424 961 3084 109 -1166 766 -3012 42 -3184
TRANS 563 952 279 8336
TRANS 323 -4498
TRANS 574 4128 765 -8420 3 -2386 910 6444 269 -4596 168 4586
TRANS 237 2762 465 -1268
TRANS 582 -1338 880 620 750 -8694
TRANS 380 9644 442 -7646 889 1224 627 10370 470 680 687 -3302
TRANS 76 8106 689 5976 295 -1840 832 -6704
TRANS 176 -7266 562 7632
TRANS 140 -6790
TRANS 388 -5918 254 8768 529 980 534 5536
TRANS 826 3208 725 7058 24 -104272 939 9988 244 -1848 959 9208
TRANS 364 1660 739 2216 20 -104888 886 5152 791 8250 822 -8730
TRANS 75 4644 985 6032 244 7054 42 -1896
TRANS 905 5410 420 7178
TRANS 663 5872
TRANS 70 6960
TRANS 160 -13814 187 -392 515 1532
TRANS 495 7180
TRANS 951 5412 489 -8096 351 -4754
TRANS 392 6618 289 6834 304 -3884 490 -6894
TRANS 216 -7466 144 -5314 409 -2878 935 -6526 113 -5742
TRANS 713 9094
TRANS 491 -1806 674 1428
TRANS 24 6674 309 -128 744 7948 414 -8998
TRANS 255 -8048 731 7900 230 3842
TRANS 638 198 711 -1888
TRANS 511 -6814 1000 -2862 659 -4494 755 -6894 173 -8882 708 -10200
TRANS 827 -7416 247 5550
TRANS 255 -820 69 -8962 669 -2112
TRANS 444 368 737 1928 574 5796 369 9512 727 514 351 -1004
TRANS 683 11774 918 1648 32 -4448 569 -6672 462 -4086
TRANS 68 -6322 511 -66 26 1716
TRANS 822 2936 53 -210 75 8310
TRANS 767 -6496
TRANS 117 8018
TRANS 152 -2692 122 1256 903 -8324 814 -778 798 4588
TRANS 865 -5534
TRANS 620 -4704 784 1280 529 8832
TRANS 208 -8610 415 5268
TRANS 921 9008 241 -6834 30 -8452
TRANS 504 -46 824 6180 450 -6564 990 6016 850 4708 457 -1244
TRANS 164 3968 409 -5108
TRANS 397 -2208
TRANS 163 -5416 671 -5284 35 4740
TRANS 416 6290
TRANS 919 -4682 230 -9706 93 3854 100 2456
TRANS 305 10236 344 2482 191 -320 891 -4716 437 2766
TRANS 336 176 694 -9532
TRANS 80 5210 72 1522 628 690 766 -40 355 -4756 715 8936
TRANS 934 -4108 984 8428 293 -6830 502 1286 707 -2808
TRANS 345 9638 664 -9044 619 -4486 437 1682 994 4312
TRANS 621 1134
TRANS 243 6216
TRANS 958 2228 569 1936 366 3390 554 -9510
TRANS 56 -380 75 -15310 231 -6106 68 -3290 268 6186 619 1018
TRANS 613 2856
TRANS 233 -8168 646 8512
TRANS 887 -6590 304 -1518 27 -4390 710 -2566 679 2018
TRANS 580 -4870
TRANS 810 -2626 197 -2790 894 -760 26 2336
TRANS 638 3526 303 -7186 708 7042 50 4372
TRANS 834 -8904 993 -9888 621 576
TRANS 651 5628 130 -5786 987 1296
TRANS 260 8578 799 5692 392 5136 102 4394
TRANS 613 5988 36 -3096
TRANS 85 -8766 499 2898 217 400
TRANS 838 6168 976 7578 733 172 70 -3208 67 -7208
TRANS 225 -3310 835 -2794
TRANS 288 1268 250 288
TRANS 285 -2104
TRANS 370 9280 854 3246 757 9478 120 4848
TRANS 95 -3844 30 116 207 1368 969 -3574
TRANS 193 3118 616 -4270 419 -554 837 7256
TRANS 880 -3566 77 3758 673 7826 88 -3886
TRANS 137 -7880 670 7958 229 -100 816 -1618 364 294
TRANS 383 7532 643 3078 663 -13452
TRANS 565 -3384 451 -2180 869 1218 147 -7704 427 -7964 543 3558
TRANS 31 5680 860 -6758 452 844 631 6278 381 304
TRANS 764 -2164 26 -7754 256 5142 912 5100
TRANS 362 -15540 37 -4078 93 7494 893 -2990
TRANS 982 -5790 415 11622 609 518 656 6002 213 -7538
TRANS 462 -132
TRANS 55 -4688 602 -4246
TRANS 865 -2990 695 3040 779 -5158 44 -7726 573 170
TRANS 958 13398 178 2894 475 -4732 306 -8432 764 -1514
TRANS 474 -966
TRANS 947 -3034 743 -9686
TRANS 269 4128
TRANS 315 484 66 9996 385 -1162 970 6580
TRANS 279 15236 246 -4282
TRANS 384 8392 898 -172
TRANS 320 6232 213 -1922
TRANS 303 2758 171 7422 780 9428 988 7716 979 1088
TRANS 715 14206 812 7018 112 -2998
TRANS 709 564 96 136 454 -5410 942 -8030 16 -7724 900 -1884
TRANS 202 42 59 -3860 722 -8374 594 2748 674 -10582
TRANS 388 3038 172 -16634 153 -5190 806 2144 760 -1546
TRANS 565 -5398 597 9828
TRANS 863 -8312 43 6256 352 7896 809 4392 706 -8490 550 1154
TRANS 900 2356 917 -8688 405 -7746 797 8264
TRANS 657 1480 100 -7284 693 1284 260 -13204
TRANS 122 4658 349 1438 149 -6354 32 -4014 39 -4054
TRANS 911 7624
TRANS 144 -1764 550 8844 23 4022 916 -7364
TRANS 396 674 17 8572 16 -1036 383 3232 750 -772 23 6662
TRANS 356 318 432 -9780 244 13296 657 428 47 -160 640 -6928
TRANS 15 642 966 4272 998 6324 909 -9346 152 -890
TRANS 886 -504 391 -8776
TRANS 715 -24076 679 -3548 176 -1252 314 3396
TRANS 973 7720 583 -3698 959 11962 627 21692 951 -2104 953 8566
TRANS 319 -1838 750 116 700 -5364 702 2020 22 3710 156 2816
TRANS 683 1326 152 2928 907 -2714
TRANS 841 3590 321 8600 715 4662
TRANS 928 -6452 86 -662
TRANS 252 2810 506 744 849 666 68 -118 974 -5738
TRANS 812 -7674 99 -7138 257 9686 88 -5498 550 6656
TRANS 23 -20524 863 -542 169 14340 883 -3896 989 9730
TRANS 846 -6816 920 -882 209 -8314 729 -9234
TRANS 541 9620 216 -1012 648 -17982 943 -8844 473 -6668
TRANS 495 -3652
TRANS 292 -214 861 4600 801 7212 365 -4606 46 -2250
TRANS 449 1862 932 3964
TRANS 697 -5144 888 -8286
TRANS 887 1768 218 7004 660 -6304 357 -2272 749 5670 798 -6004
TRANS 676 3762 835 -5478 651 15520
TRANS 90 -14034 906 -1526 208 -390
TRANS 277 346 981 -1226 879 -3166 418 -4460
TRANS 456 9128 332 4546 865 1046 536 -6844 508 9808 685 7746
TRANS 916 2382 759 -6 348 -6062
TRANS 100 1140 430 614 533 -4238 970 -1022
TRANS 352 11712
TRANS 90 -2596 114 -7802
TRANS 649 -4644 899 -4184 840 2030 336 3984 239 8088 701 -592
TRANS 854 -3418
TRANS 284 234 309 5082 745 -8152
TRANS 96 -2
TRANS 537 -3952 686 -7104 593 -7684 349 9600 353 -9768 991 3534
TRANS 229 -1592 346 2132 357 1186 499 7220
TRANS 626 6610 99 -2232 503 -9668
TRANS 442 -1716 707 -3910 73 6156 236 1364
TRANS 78 9122
TRANS 69 -634 786 1188
TRANS 131 -6682 342 -3026 313 -16496 516 7056 618 3912 660 20
TRANS 830 -5478 170 -2928 556 4762 787 6456
TRANS 387 -6602 814 -1146 640 -2948 664 -104 948 -4816 751 5542
TRANS 63 -6484 343 1540 435 -6264 12 -3170 442 478 819 -5042
TRANS 374 1402 514 9860
TRANS 253 3264 370 -17050
TRANS 684 -9608
TRANS 984 8956 413 -4078 766 -1274
TRANS 461 5150 524 2032 542 -9944 914 14834 249 1024 109 7592
TRANS 974 3228 284 4970 521 6152
TRANS 895 -4518 853 -3964
TRANS 792 54 295 -3074 501 -932 369 2182
TRANS 841 13022 41 -8844 305 4492 631 -4962 263 -6554 90 -424
TRANS 668 -3928 351 -180
TRANS 391 -134 75 972
TRANS 749 18856
TRANS 601 -2582 352 2160 55 4552
TRANS 95 2316 858 -8492 280 2740 998 10096 63 -1730 688 10190
TRANS 390 -6422 833 -7478 388 2822 193 -9898
TRANS 252 9684 960 -9458 147 1076 453 -7108 495 3494 988 -12544
TRANS 268 -13994 632 -2978 739 7038
TRANS 469 7024 37 -1862 231 -3490 16 1016
TRANS 829 340 964 4564 512 9944 771 2848 463 1754 299 -3956
TRANS 2 -4442 67 -168 979 -3634 417 -6436 675 4422 756 -2960
TRANS 986 2072 232 -946 943 16
TRANS 906 8260 892 3376 805 2268 729 746
TRANS 90 74
TRANS 437 442 26 2242 158 -9664 476 -1876
TRANS 231 234 598 1894 126 -6334 748 -4024 240 -10124 325 6822
TRANS 592 -4138 66 19016 695 7554 762 -7330
TRANS 550 12096 784 -992 47 -4052
TRANS 879 2280 375 -3446 555 -4660 252 15406
TRANS 671 -2218 168 -9430 952 -3970 587 4202 955 8712 76 -10422
TRANS 835 842 273 412 556 8402
TRANS 484 -7492 1 -7580 458 778 700 -4452 377 8524 793 -2474
TRANS 313 1616 415 15360
TRANS 796 3122 590 7694 521 -474 410 6816 585 2442
TRANS 525 5054 387 -386 958 22086
TRANS 84 8158 521 -1034 665 4846 211 -6882 978 7928 543 -2156
TRANS 691 954
TRANS 914 -14400 543 -268 553 -9018
TRANS 104 -3606 412 -9448 962 -7270 21 -9874 805 -1318
TRANS 968 -98 269 1902
TRANS 246 -894 938 -6102 128 -7330 813 8344
TRANS 370 38
TRANS 922 9666
TRANS 377 -546 137 760 749 26940
TRANS 480 1954 489 -1000 981 -2486 351 -238
TRANS 948 -3648 440 9566 829 -3494
TRANS 890 -2706
TRANS 493 3912 529 -21330 251 24164 9 -230 475 -1136 244 -21546
TRANS 257 6718 22 12886 660 8 804 -6360 23 -10 249 9482
TRANS 668 5604 574 12474 942 726
TRANS 823 -1810 460 5724 351 3532 554 -232 442 626 399 7892
TRANS 773 1832 829 -2510 443 8966 871 -9836
TRANS 319 -5974
TRANS 654 -340 941 8206 975 9950 769 4854
TRANS 848 -7346 808 -1368 127 586 19 6474
TRANS 541 9860 290 -7952 145 -3358 63 -730 32 646
TRANS 367 -9170 339 -7194
TRANS 285 644 704 6950 920 -780
TRANS 587 11388 654 5042 721 6882 591 3208 917 -240
TRANS 637 540 393 -9804 399 -17544
TRANS 84 13482
TRANS 422 2956 223 8046 724 -494 759 -4864 943 62
TRANS 414 258 646 -14294 41 -32
TRANS 957 6094 517 8646 859 3276
TRANS 257 680 51 3566
TRANS 719 -4374 2 4172 818 2528 218 10558 423 -5398
TRANS 4 4892 956 4846 411 -8544 589 -9704 953 13000 135 -8674
TRANS 747 8012
TRANS 134 -2650 572 -6436 14 -7190
TRANS 720 3440 502 276 523 -107008 219 -1768 721 10624 312 6008
TRANS 74 -4302 515 5950 625 -1858 179 -294 202 178
TRANS 82 -7048
TRANS 654 -6786 75 -1544 849 -3384 190 -1980
TRANS 971 -7294 289 -5286 141 630 719 4346 673 10612
TRANS 717 40 861 -3158 240 5280 173 88 496 -1694
TRANS 501 -8982 198 1888
TRANS 578 -8680 908 -6598
TRANS 474 -2934
TRANS 966 5700 814 -2142 743 196 316 8744 273 3608 707 338
TRANS 879 8700 789 9584
TRANS 641 2250 542 24
TRANS 471 -4972
TRANS 302 -3614 520 8066
TRANS 485 4866
TRANS 869 2306 835 2366
TRANS 107 6098 454 3818 6 -688 894 332 497 -3228 787 13856
TRANS 968 -1350 601 -5784 908 -460
TRANS 427 912 365 3652 516 -2328 132 -7894 478 5670 200 -12022
TRANS 653 -6618 88 336 151 -280
TRANS 388 -6462
TRANS 870 -14954 770 -7698 272 3996 371 -714 456 -17624 238 4786
TRANS 881 5234 714 1410 869 722 646 -3438 918 1196
TRANS 254 -17278 974 3268 792 134 697 3744
TRANS 467 4634 658 -2182 852 -3362 303 2726
TRANS 374 -4242 648 -486 574 -7348 443 11282 4 4258 756 4670
TRANS 361 -2202 756 4786 453 2298 494 3832
TRANS 312 -3692
TRANS 159 4504 24 8002 747 -2408 835 -2958
TRANS 409 356 148 -626 370 1518
TRANS 125 -4652 730 5712 69 222 634 2492
TRANS 128 716 476 -2956 634 5870 950 -5020
TRANS 763 2722 488 3512 486 -9234
TRANS 18 -4966 560 -4920 928 -2136
TRANS 687 1342 348 -490
TRANS 982 -1262 64 7718 21 -16
TRANS 654 7902 552 -214 205 -9456 667 7000 262 -108
TRANS 971 -1744 745 1764 908 -874
TRANS 419 6062
TRANS 119 7536 401 -8772 149 848 912 2470 355 -992
TRANS 214 7418
TRANS 770 -1360 980 -2138
TRANS 484 -734 315 2602 878 2686 913 550 937 1136
TRANS 265 6310 132 320 252 10496 833 2148 153 2358
TRANS 327 -7698 798 4282 522 6452 972 -6816 224 -1232
TRANS 890 7198 696 -7268 428 -5862
TRANS 110 -7030 990 4090 395 -4850 866 -830 840 8938 179 9182
TRANS 506 -12650 910 -16258 652 2474
TRANS 338 9232 979 3094
TRANS 142 7172 43 -15066
TRANS 768 8750 414 922 644 7148 764 -3980
TRANS 955 15866 365 -406 58 -900 462 5416 718 -3646 459 3442
TRANS 175 7144 310 -7956 361 -2826 633 -796 943 -1162 781 6570
TRANS 941 12868 871 84 122 3616 490 1794 873 -1364 915 1936
TRANS 380 8628 670 1288 176 16 842 -7836 601 -1366
TRANS 233 460 424 3782
TRANS 475 -682 794 -3230
TRANS 919 1814 940 6842 568 -192
TRANS 834 556
TRANS 565 866 920 2672 178 10230 291 1110 760 4322
TRANS 344 -9496 390 636 922 12700 196 8866
TRANS 321 17830 323 472 746 7326 72 -4814 724 -2824
TRANS 288 -4426
TRANS 737 10514 546 7322 792 38 376 -1594
TRANS 796 6472 590 -1788 418 4160
TRANS 627 18602 769 1198 69 -220 839 8906 730 -12710 916 8484
TRANS 47 2098 938 -672 478 9864 498 6252 692 3126
TRANS 487 1162 76 -3196 226 -2786
TRANS 852 5066 108 -722
TRANS 974 1182
TRANS 55 4118 495 -84 104 1816 534 -6946 895 1178 709 -8998
TRANS 752 -8032 632 4238 158 -182 794 710
TRANS 485 -4696 938 3166 91 9538 918 -4646 253 -1338 336 -2820
TRANS 439 536
TRANS 184 6818 469 -11908
TRANS 966 -19590 626 -12114 234 6834 7 -5304 870 -364
TRANS 808 -2574 898 -9090 77 10292 492 -1472 665 -14462 324 9262
TRANS 781 -138 60 -7240 530 -5208
TRANS 525 4262 868 -7646 449 -5032 136 -6842 502 9762
TRANS 716 5902 726 -5390 586 962
TRANS 985 -1818 685 5684 877 7688 441 7940 974 1964 396 356
TRANS 920 3222 179 5824 72 -2108 516 -11548
TRANS 867 762 973 4794 294 3516 962 -2196
TRANS 298 1212
TRANS 958 45948
TRANS 398 -4854 648 18 259 3500
TRANS 178 12760 633 500
TRANS 389 -5940 744 15474 292 5198 971 838 253 10178 980 4298
TRANS 278 -5246 789 15576 70 11072 984 -21252 463 2478
TRANS 772 -6290 722 1264
TRANS 279 772 247 -10604 802 108 995 -2908 215 9394
TRANS 815 898 668 -2442 270 -1232 280 350 513 -7402
TRANS 446 7026 964 9926 680 -838 711 4514 401 4520
TRANS 648 66
TRANS 892 2250 58 7164 404 4418 920 -11794
TRANS 411 -606
TRANS 43 -696 748 3654
TRANS 546 10020 676 -6388
TRANS 866 6034 458 -4224 937 8236 265 13208
TRANS 508 2200
TRANS 965 -2968 377 5462
TRANS 169 25632 541 22766 689 2422
TRANS 825 5472 696 -1984 448 16812 592 90 530 -4230
TRANS 819 4704 899 3762 548 -1344 226 -6356 371 -3956
TRANS 607 7642
TRANS 695 -11572 119 8018 294 -143680 601 76 305 904 339 2220
TRANS 283 -9248 111 -16114
TRANS 281 -2796
TRANS 432 994 707 -694 735 -5940
TRANS 613 -6752 644 14118 289 10440
TRANS 935 -2312 709 1088 598 2148 743 -448 290 -318
TRANS 752 34 871 2 96 -310
TRANS 679 -7088 176 1054 659 4668 378 -4928 884 -502 983 9324
TRANS 917 -2154 206 6922 887 274
TRANS 940 8072 792 156 10 6782 983 18792
TRANS 506 -274 329 3740 385 -5922 394 -2736
TRANS 88 394 858 -830 856 -4284 339 -626
TRANS 11 8268 177 1504
TRANS 83 7372 435 -2558 124 -3148 486 -204 274 11014
TRANS 360 6152 546 -24108 758 -1578 192 7406 225 -4338 825 9148
TRANS 970 -1734 314 -4804
TRANS 444 6052 452 136 166 6392 488 11092 733 7416 207 -2160
TRANS 566 2024 612 8230 669 -852 862 8496
TRANS 827 -368 134 -4636 783 4156
TRANS 487 11172 239 7212 500 1116 383 5262 442 -1476 831 -5770
TRANS 961 8546 792 -318 731 -902 892 -11874
TRANS 529 -38 854 -884 749 21516
TRANS 75 6446 611 9272
TRANS 180 6408 674 524 369 7000 230 492 874 -8152 512 15110
TRANS 383 5656
TRANS 626 -676 438 9014 47 6214 496 -1654 620 220 107 10536
TRANS 179 12522 318 -2200 323 1998 671 800
TRANS 544 -3522 453 -522 310 -1028 612 3014
TRANS 747 -6894 966 336 153 1844 292 -14360 81 448 236 -1386
TRANS 414 -426 230 -2826 97 5616
TRANS 1 -3246 184 -10216 13 4808 373 -6926
TRANS 445 8566 781 6400 976 -15608
TRANS 789 11502 235 -7676
TRANS 823 -584 346 -7376 656 1404 557 896 547 -8690 104 -2054
TRANS 167 2654 803 1340 319 -1416 335 4294 969 2914 656 -10432
TRANS 445 -1640 684 148
TRANS 858 610 651 16538 202 96 2 -1888 124 -4362
TRANS 583 2006 574 3330 83 -16744 21 84
TRANS 701 1662 789 -14274
TRANS 238 2962 5 6220 465 6230 779 -676 959 18210 564 822
TRANS 868 8 127 -2274 946 -5892 200 62 842 -514 20 9152
TRANS 72 8934 304 -396 893 3232 579 474
TRANS 43 -258 945 8114 868 134
TRANS 755 -956 891 -910 928 -776 64 -10718
TRANS 63 340 82 2082 993 -82 154 7020
TRANS 933 3692 442 -168 540 7148 906 4574 552 580
TRANS 424 10090 718 -678 577 56
TRANS 93 19700 839 13580 665 8 242 -5898 63 174
TRANS 110 -2690 537 -4856 828 9756 940 4146 305 9626 338 -3316
TRANS 762 1620 419 6768 581 -4294 138 -8504
TRANS 329 -6072 871 -38 75 9538
TRANS 913 7904 923 -5226 461 10360 478 13380
TRANS 264 -6728
TRANS 601 154 704 -12846
TRANS 474 2110
TRANS 431 1436 91 -6778 165 -1842 212 -6560 350 -9836
TRANS 262 9748 651 -45354 917 222
TRANS 776 -14882
TRANS 939 -8504 956 -3188 349 21698 259 -5928
TRANS 677 9374
TRANS 768 7272
TRANS 691 -8330 285 -642
TRANS 13 11308 146 -8020 268 1086 341 -1272 837 9320 363 -9552
TRANS 318 -794 979 1352 510 7126 3 -6078
TRANS 856 -5098
TRANS 225 -656 916 -1110 387 2998 521 2860 454 -2776
TRANS 867 -38 369 25416 211 1128 181 2160
TRANS 432 -2336 387 138
TRANS 389 446
TRANS 596 -7032
TRANS 820 6426 160 -1178 166 1790
TRANS 908 -1432 87 4900 139 7210 637 -8428 876 8776 726 -2938
TRANS 509 -8152 504 236
TRANS 893 -3334 398 4536 361 -3814 660 -3700
TRANS 339 1892 622 564
TRANS 246 3568 480 9486 993 22 929 7674
TRANS 6 -1844 600 4524
TRANS 455 -5414 83 -564
TRANS 481 6150 605 -516 846 1336
TRANS 536 -2302 897 -1922 613 -10048 106 6590
TRANS 451 2008 159 -4544 41 -908
TRANS 992 6114
TRANS 447 2712 211 -2708 294 13036 683 -1360 813 246 995 4506
TRANS 395 710 545 2532 831 -2702 99 -432
TRANS 658 1646 474 -5890 87 -4268
TRANS 469 2956 488 4422 768 24920 460 460 667 4890 622 8574
TRANS 709 1710 451 -4846
TRANS 809 4846 860 -1662 287 -6974 564 -8824 137 -560 296 7860
TRANS 765 1016 494 -9244 243 782 94 13704 143 -6804
TRANS 689 -1362 733 -4810 661 3634 210 -4602 356 -8438
TRANS 995 9054 644 -24864 869 -3810 499 11368
TRANS 263 -518
TRANS 897 1734 232 6 259 -6100 146 -1246 767 2114 15 -3688
TRANS 144 -2876 190 7756 749 -67026 846 -3844 912 14196
TRANS 520 -7576 487 -102 162 996
TRANS 58 -11134 473 -2778 213 470
TRANS 495 4892 901 7578 435 -1212 5 4986 810 2954
TRANS 78 2546 344 646
TRANS 44 -1896 999 1916 995 -11352 629 -3120 570 7764
TRANS 617 9844 905 11208 641 -5912
TRANS 501 82 682 -8106 770 510 360 2132
TRANS 412 -462 261 -6134
TRANS 122 -2078
TRANS 116 986 528 -7824 943 16 57 -4274
TRANS 961 -13372 600 12258
TRANS 101 8436 519 5850
TRANS 361 1154 943 -22 80 -2702 893 4150
TRANS 14 -528 836 2134 179 -31936
TRANS 122 -7996 886 5546 137 -954 457 -22 732 8502 188 1726
TRANS 145 5796 876 208
TRANS 507 -2610 441 -7886 539 7402 764 862 916 -712
TRANS 631 -3948
TRANS 160 -622 84 2486 509 -1184 383 5738
TRANS 571 -76
TRANS 67 646 927 3272 262 -5668 826 -5440 536 -258 430 544
TRANS 346 3002 342 -2630
TRANS 393 -18 630 -7576 134 2568 719 -2498
TRANS 607 8162 889 -2340
TRANS 980 -9058 439 938 721 9780 647 3568 684 466
TRANS 800 -2100 504 406 453 2316 886 246 713 20432 591 9086
TRANS 320 -688 435 -200 48 1880 539 -9372 433 -3614
TRANS 400 7796 14 -760 205 -62 235 266 127 -962
TRANS 950 366 776 1292 677 -2728 344 -1528
TRANS 663 -986 982 -1590 896 -9110 761 5788
TRANS 892 -3586 160 -584 651 1968 226 476 181 -6782 400 8974
TRANS 349 -40734 167 -258 547 -1042 797 -15726 266 -2562 854 -306
TRANS 102 2212 794 898 687 468 968 -3688 58 2328 144 -20
TRANS 676 7044 291 4658 284 -1396 452 8488 445 3506
TRANS 593 -478
TRANS 404 4770 737 -5698
TRANS 16 -472 345 15544 916 -9098 251 -36742 930 -4548 960 390
TRANS 500 -9434 354 1174 157 9148
TRANS 953 3952 458 -7578 214 -9016 949 -6794 684 -622 787 13500
TRANS 131 504
TRANS 442 -62 207 1828 451 4718 247 -4360
TRANS 60 -1192 152 6866 733 -7310
TRANS 592 1144 417 -1864
TRANS 365 -2860 176 -1012 716 -8820
TRANS 846 -204 597 -5354
TRANS 155 -9352 484 1336
TRANS 706 664 723 -1034 840 15428 14 -1388
TRANS 605 -6246 578 32 318 -2008 690 9386 395 280 70 -5494
TRANS 398 -3480 592 -4900
TRANS 657 6278 884 2040 971 1354 691 2122 412 -32
TRANS 692 5588 221 -6056 72 1714
TRANS 365 1848
TRANS 759 -1638 101 2566 379 -1094 278 -4424 633 4852
TRANS 250 436 594 -9678 297 3954
TRANS 60 1528 88 66 462 226 619 884 992 -9040 249 -13620
TRANS 8 -3054 288 -4446 168 -4872 856 20 473 -528 115 1712
TRANS 709 -3070 70 3204
TRANS 129 4026 205 282 125 -3524 849 672
TRANS 6 366 571 7644 264 -2170
TRANS 491 2238 968 -900
TRANS 441 3006 482 2618 168 196
TRANS 237 3876 574 1192 548 5332
TRANS 672 -8200 499 3256 903 1352 937 10928 696 -716
TRANS 175 -12788 414 -1516 92 1790 287 440
TRANS 801 16276 802 1724 241 -3140 182 -9238 938 1886
TRANS 962 306 105 -5238 557 6952
TRANS 381 10224 481 -15592 831 1264 329 5190 965 318
TRANS 802 7286 763 4170 226 -1310 46 1986 904 -1286
TRANS 566 232 867 -11712 769 6904 128 1226 140 -1746 736 -3324
TRANS 918 -6082 455 -112 514 -7334 556 16530 338 8384
TRANS 916 2078 166 1470 647 -6492 436 4872 535 4908
TRANS 655 -816
TRANS 735 622 121 6578 975 -17780 388 1668
TRANS 334 -6252 967 -868 351 2360 911 -1066 571 -410
TRANS 102 4830 211 -998 216 28 543 144 400 7088 964 -5676
TRANS 85 14 384 -3534 696 -12 29 8380
TRANS 270 894 5 -3044
TRANS 928 604 101 11202
TRANS 312 -1750 757 9326 811 -3626
TRANS 217 6262 646 -516 858 40 361 2018
TRANS 267 -1430 326 3306 625 -2720 499 -31392 126 4498 908 -62
TRANS 640 -76 23 -144
TRANS 783 9872 417 620 640 -22 588 1266 48 -2678
TRANS 940 -19976 244 -750 516 304 839 17936 301 7850 264 -114
TRANS 975 1608 805 8584 331 3838 132 1502
TRANS 74 -1708 722 158 713 -47918 203 9754
TRANS 393 1561
TRANS 87 -1256 722 -1242
TRANS 662 -3008 67 2062 328 1418
TRANS 29 -1862 534 912 276 -576
TRANS 19 10944 951 404 906 1504 772 -3444
TRANS 56 2906 157 648 410 -6978
TRANS 46 3704 585 1318 154 -7178 305 -20042
TRANS 475 80 453 -2274 521 6844
TRANS 658 480 851 5934 198 10118 233 846 382 9506
TRANS 876 -1736 480 20494 983 -36684 44 -352
TRANS 956 -4614 447 -3142 577 106 53 -400 776 -5094
TRANS 785 -8386 649 332 684 70 285 710 357 1576
TRANS 232 -44 210 -2924 381 14574
TRANS 179 234 392 -18052 900 -9736
TRANS 803 6450 184 3920 486 468 714 6440 630 198 656 -5884
TRANS 785 684 510 -6718
TRANS 908 326 585 -7570 304 244 467 -6308
TRANS 748 -128 52 1666 811 -3610 140 -84 228 490
TRANS 200 1300 218 -7554 58 68
TRANS 370 3280 505 -3610 36 -6312 850 -5914 884 -4772
TRANS 993 14 594 4976 335 5416 811 -2708 41 -34
TRANS 513 1198 208 -778 276 4902 376 734 52 -11408
TRANS 556 -23190 58 1806 563 5160 372 -404
TRANS 364 -8924 172 1218 401 3640
TRANS 478 7382 427 -1046 625 -936 693 -2026
TRANS 106 13380 653 -1364 766 -236 64 1420 732 4476 41 -50
TRANS 825 -24484 639 -5026 214 1712 292 52 528 96 47 -3254
TRANS 24 -13626 298 8052 902 6266 283 -504
TRANS 400 -31052 975 570 959 -9954
TRANS 775 5980 744 -4932 440 -7052
TRANS 794 556 20 -4574
TRANS 419 19650 652 6356 473 16 407 -7710 704 -3876
TRANS 615 8500 507 2138 318 36 818 8820 944 518 684 -198
TRANS 318 -578 555 5646 217 -3888 993 -64
TRANS 997 8630 30 1270 186 9766 1 -360 35 9894 369 51790
TRANS 687 -400 77 5296 5 2300
TRANS 468 -2112 979 5538
TRANS 573 -3770 940 9040 219 -5936 914 -3540
TRANS 211 -210 986 -7836 112 3214 530 -528 264 186
TRANS 326 -11050 144 -12
TRANS 805 16676 69 276 814 1846 356 -574 722 624 616 -2270
TRANS 613 -714 748 10022 137 -680 610 12306 543 1388 124 -116
TRANS 449 -744 102 10526 456 188 631 6402 41 -60
TRANS 748 -3126 27 -4788
TRANS 596 -1528 68 -2 8 -4854 884 178 175 -368 212 -2004
TRANS 894 3302 315 258 675 -7134
TRANS 933 -1962 770 -732 222 -7276 73 11500 453 766
TRANS 401 4762 938 -2194 713 1190 31 -3630 678 8244 297 -1670
TRANS 191 -7508 306 652 892 96 228 9830
TRANS 880 -3068 854 1290 424 -220466 163 460 722 684 628 -1074
TRANS 127 4758 824 -3198
TRANS 853 -3344 872 -7136 275 -1314 714 12592 395 -3080 33 4184
TRANS 264 -616 987 1106 746 -1378 879 8900
TRANS 263 1602 116 -9362
TRANS 958 -68552
TRANS 533 -2716 871 -208
TRANS 145 9648 822 9234 916 1466 461 -4428 264 242
TRANS 250 648 605 -514 319 -526 203 -10440 881 -5180 517 18254
TRANS 276 9720
TRANS 887 -1504 914 -11774 913 -3164
TRANS 341 2572 947 -816 592 -2626 524 1100 460 -6302
TRANS 677 -6670
TRANS 879 -13986 216 58 82 2226
TRANS 357 -3898 684 8 490 3518 590 -6762
TRANS 758 -8402 86 6082 894 6522 915 -2218
TRANS 726 -890 533 -4686 366 6578
TRANS 931 452 533 1696 609 5330
TRANS 681 -6466 668 -2654 691 -4256
TRANS 426 4962 17 824 71 6936 540 13934
TRANS 19 -5152 60 -1452 465 10554 122 -3846 707 1168 333 -8764
TRANS 391 1082 197 5522
TRANS 515 -7570 526 1708 641 -65792 491 6598 814 4100 920 752
TRANS 247 440 312 2858 626 2214 434 4422
TRANS 140 -674 909 120
TRANS 651 2150 367 450 924 -7734 659 -8820 77 -7996
TRANS 86 5278 450 3000 480 -26972 603 8206 10 892 828 -10956
TRANS 575 1820
TRANS 230 1692 450 -3900
TRANS 859 -8390
TRANS 783 -10538 470 5624 981 5142 71 -3690 556 -730 70 7092
TRANS 24 6164 932 8466 417 -244 679 1000 485 -8648
TRANS 161 468 675 6830 227 11644 946 -1172 49 6340 542 40
TRANS 612 6136 456 1038 516 -1498 53 22 431 -1466 174 6600
TRANS 205 -566
TRANS 771 -9812
TRANS 138 -922 887 1818 635 -7608 724 -2658 950 -2790
TRANS 849 844
TRANS 304 178 377 10198 411 -676
TRANS 576 530 441 7742 503 -3500 18 1430 119 -11096 495 -4216
TRANS 381 17468 311 -6238 344 -194 865 684 759 -2890
TRANS 268 496 194 -15168 514 2506 911 -12162 703 -3612 566 -418
TRANS 584 -5998 818 -7854 794 3728 445 15472
TRANS 107 -20108 389 -1200 659 -396 562 7278
TRANS 181 1732 376 -4530 606 -938 438 8560 386 -724
TRANS 942 1078 899 -9470 361 -3656 387 -3466 464 -3668 831 -830
TRANS 219 -60 716 3060 638 -4842 397 -1486
TRANS 125 -1564 840 -31782 782 -4714
TRANS 921 -5726 134 4744 802 -8926
TRANS 173 -504 609 2880
TRANS 440 4542 434 -1602 633 4312
TRANS 270 4480 325 -15912
TRANS 449 462 365 -4078
TRANS 954 5332 485 1482 581 -3120 659 404 123 2950 771 -368
TRANS 499 1922 726 -394 532 7262 786 -6680 628 -1112 783 362
TRANS 231 148
TRANS 486 946 920 -934 249 -2884
TRANS 548 4904 820 -2184
TRANS 591 -1602 138 148 978 6962 373 -2546 221 760
TRANS 201 5592 102 -10612 189 3054
TRANS 507 5072
TRANS 427 -504 127 5108 319 -104
TRANS 139 -14492 661 -7586 151 -562 521 15092 12 4882
TRANS 585 -5732 658 -704
TRANS 111 1512
TRANS 529 -36 869 -1278 668 -59582 814 5560 226 -10 792 -90
TRANS 282 5484 72 -15108 152 594 882 -13868 232 -26 322 9670
TRANS 980 2002 870 482
TRANS 399 86 223 15534
TRANS 322 19372 80 2086 966 624 502 -15470 152 -16556
TRANS 865 -972 20 -11242 638 1988 225 692
TRANS 754 3854 370 2196 732 -19864
TRANS 671 972 510 -3470 267 1738
TRANS 165 888 579 6292 801 14450 170 7066 946 -1502
TRANS 43 -14 574 -13462 476 -3672 372 88 361 -268
TRANS 84 30564 519 -7838
TRANS 796 -6572 40 9244 516 628 82 -1492 617 1776
TRANS 569 -4284 230 -1892 854 -3088 112 -9210 222 -1230
TRANS 986 218 542 -76 251 -8074 704 -174
TRANS 851 -1676 288 1756 497 2758 787 -26664 721 6848
TRANS 289 -11870 314 914
TRANS 708 1848 437 -14666 745 -3606 266 -74 174 -1850
TRANS 490 -30 146 730 708 -9700 378 264 976 658
TRANS 5 5918 499 -74 193 294 402 2566 927 -6592
TRANS 715 11742 758 12 6 6 873 -5698 832 2140 666 1650
TRANS 726 276 829 3138 78 -14306 337 5374
TRANS 187 -14 758 16
TRANS 481 2 736 -6210
TRANS 476 1008
TRANS 833 -792 712 3970 752 -256 11 9896 876 -15408 182 -434
TRANS 612 25782
TRANS 46 7840 452 13202 39 -3478
TRANS 520 10092
TRANS 13 -10708 757 -24326 357 -72 536 328 934 2096 493 5960
TRANS 368 -5526 548 1244 607 22708 140 158 204 -7976 971 1100
TRANS 922 19248
TRANS 299 2850 695 3500 354 -7494 877 -12640
TRANS 944 1368 484 -864 226 -24 156 12270 397 -620 567 5270
TRANS 438 16706 138 -624
TRANS 948 -1142 252 -28250 331 -2266 324 3762
TRANS 985 11904 551 -6918
TRANS 130 3584 809 3604 515 -146 315 716 894 5136 169 -3662
TRANS 630 2306 429 -8598 400 2472 464 -1410
TRANS 664 -190 992 7756 40 2446 119 3452 91 276
TRANS 251 10974 105 -2124 973 11212
TRANS 205 -44 775 -4910
TRANS 226 1879 977 1978 543 274 608 7710
TRANS 599 4584 156 -12836 596 -394 462 -4626
TRANS 713 -2138
TRANS 631 10162
TRANS 442 -34 27 612 311 -640
TRANS 964 -4982 122 132
TRANS 479 -8490
TRANS 594 -4846 197 -11210
TRANS 144 12 467 684 795 -144 896 304 161 6428 357 -16
TRANS 383 7418 820 12000 667 8860 544 -4582 915 324 619 1114
TRANS 212 1264
TRANS 961 -5696
TRANS 789 -6230
TRANS 584 2616 55 6536 154 -4732 509 90 341 -9830
TRANS 512 -18148 648 4 62 7394 561 -7436
TRANS 863 -202 266 54 869 4922 146 1178
TRANS 256 -5588 301 9364 253 -20330 755 -1678
TRANS 214 4604
TRANS 195 -1618 73 21338 637 794
TRANS 550 4982 684 102 797 1572 265 -7128 230 -1388 705 -140
TRANS 904 2840 618 7796 52 3420 591 -14202 585 226
TRANS 780 11984 343 4052 993 892 894 7774
TRANS 305 9968 938 2128 247 464 330 -3354 466 9810 206 -15820
TRANS 714 -86 335 6810
TRANS 271 -5422 452 32260 82 3932 375 444 622 8988
TRANS 351 348 976 932 905 -8372 475 226
TRANS 129 -9408 572 916 952 -2354 48 3594 573 2578 249 -312
TRANS 53 74 509 264 972 -2604 468 4512
TRANS 170 -5618 581 992
TRANS 477 -8790 594 4738 705 6134 626 2248 433 -796
TRANS 851 -4418 492 7442 632 -4578 504 -8506 780 23764 552 -1648
TRANS 852 464 690 11438
TRANS 439 -5752 728 -1962 882 -1842 71 12534 760 -10442 794 -9540
TRANS 997 12364 741 9414
TRANS 12 2514 272 8908 651 4980 561 1474
TRANS 232 4676 835 676 431 244 16 -242 696 18 26 -6014
TRANS 171 16924 795 3774 489 324 966 -842
TRANS 268 620 394 804 977 -7590 793 -3342 186 -1084
TRANS 372 220 279 24586 669 1110
TRANS 754 1900 786 1294 490 1576 446 17088 704 -10 974 8186
TRANS 594 -2240 977 -2460 718 32 656 -596
TRANS 659 -384 839 -13806 198 -14056 683 11264 455 1198 459 7182
TRANS 949 828 885 9262
TRANS 570 -15682 97 -4240 227 -24750 129 -1720
TRANS 412 42 626 -1382 107 -2474 70 -21768 743 46
TRANS 882 -94 592 -360 943 -38 993 556
TRANS 301 12814 837 -3696
TRANS 989 17556
TRANS 469 2066 99 -124 51 4774 111 1790 621 4212 278 -210
TRANS 428 8448 596 -854 25 -95944 73 -25076 632 1660 675 3942
TRANS 863 -914 195 -4450 82 -8904 671 -3684 188 10254 85 -398
TRANS 594 -912 544 -1426 950 -1970
TRANS 897 -702 33 -4002 524 2338 520 10620 114 -1440 185 8646
TRANS 379 -3736
TRANS 468 5082 192 -2028
TRANS 629 5824 762 -2276 858 -664 796 -11278 979 -2396 55 17086
TRANS 943 12 627 -43030
TRANS 740 10492 891 1492 46 -3990 244 -120 88 -396
TRANS 95 -1358 374 -96
TRANS 947 3866 963 8268 84 -59214 250 280
TRANS 437 160 733 -3312 247 1414 154 -4048 681 -924
TRANS 301 -35734 519 1524 257 17206 187 -22 990 5056
TRANS 937 -252 69 648 264 434 632 -1582 788 1658
TRANS 872 446 785 -504 283 -116
TRANS 502 -4238 994 -3272 540 -19960 924 686
TRANS 77 16628 526 4524 81 516 603 -17474 321 27964
TRANS 75 -12368 161 -5542 325 -346 397 776
TRANS 101 27832 777 2078 320 -8972 309 3088
TRANS 464 -2088 796 -50 200 2896 41 -60
TRANS 503 60 246 7154 4 -10822 109 8338
TRANS 751 8776 362 556 113 414 451 -2936
TRANS 246 -7530 116 -1304 357 50 112 -626
TRANS 441 2786 950 -198 211 -134 618 5834
TRANS 669 2186 497 972
TRANS 509 900
TRANS 973 -11888 197 1426 860 1138 99 -24 759 -356
TRANS 870 108 161 4414
TRANS 463 -4376 392 1616 651 8620 575 7092 168 438 715 -14008
TRANS 471 3366
TRANS 619 8440 460 -3916 568 4714 804 -3430 68 100
TRANS 542 -2 210 -1620
TRANS 243 -5802 291 -3708 15 278 564 -4304
TRANS 630 4066 922 -27446 1000 -7032 71 14608 636 2354
TRANS 897 6620 75 -6298
TRANS 622 13288 111 1008 580 3908 426 -19250 702 -10244
TRANS 918 1436 592 136 864 7318 478 -35976 661 5918
TRANS 139 2206 638 -5292 889 1072 962 -506 668 5734 62 12326
TRANS 993 816 543 11430 243 9392 447 7588 799 10010 69 -966
TRANS 546 -856 64 2560 418 6832 542 -28 89 8862
TRANS 50 10288 768 1472 47 1524
TRANS 39 -2088 997 -25868 33 -4916 225 -1112 712 -11360
TRANS 725 -7818 510 516 80 -2128 526 -7590 305 -23046
TRANS 86 5810 122 1610 801 4228
TRANS 50 -138
TRANS 840 3064 581 1066 174 -10832
TRANS 885 12412 733 188 786 -3696 717 48 6 -1826
TRANS 310 578
TRANS 395 -1984
TRANS 465 8732 501 -98 57 3490 87 6 377 -1692
TRANS 551 -1472 943 -8 944 -5112 748 -6368 270 -5898
TRANS 275 -2452 443 -3542 937 -1784 330 6028
TRANS 794 1772
TRANS 726 -466
TRANS 164 4242 398 5104 332 -4268
TRANS 627 16812 651 2038 833 3032 923 -2072
TRANS 197 172 472 -2540 346 2012 461 14008 591 -4544 343 14694
TRANS 253 -1814 846 200 969 576 446 10970 86 16812
TRANS 88 -526
TRANS 172 -368 538 1724
TRANS 947 9774 974 10806 209 -1110
TRANS 799 17894 828 4046 73 -30744
TRANS 918 1414 537 -198 639 4664
TRANS 710 -5110
TRANS 434 -7262 991 6406 934 1626 274 3512 214 -12970 877 -6
TRANS 9 -536 126 -9130 922 -11510 268 806 115 3360 26 2214
TRANS 181 6468
TRANS 41 -8 945 -8742
TRANS 376 -1860 494 804 307 1320 951 -2186 482 12358 543 2412
TRANS 731 3986 8 -160 169 -39798
TRANS 195 -1650 612 20806 376 -644 119 13614
TRANS 260 3598
TRANS 334 60 794 1776 192 9600 174 -1934
TRANS 716 5858
TRANS 798 -3968 598 -13582 278 -86
TRANS 472 920 919 -3348
TRANS 41 4 367 238 280 -2384 900 390
TRANS 45 -5584 33 2484 777 -8256 920 788 486 592 642 -7704
TRANS 140 390 529 34 695 12910
TRANS 596 284 111 4456
TRANS 569 -618 588 9310 859 3874 865 1382 461 -4034
TRANS 869 3130 82 296 490 -6734 652 7626
TRANS 875 -5942 365 -344
TRANS 83 -48 877 -1036 484 744 113 -436 46 -5518
TRANS 826 2766
TRANS 638 -550 992 -5202 485 -2064
TRANS 974 -30064 215 -14962 65 6716
TRANS 429 -1224 466 -188 878 6008 759 202 152 250 443 -22832
TRANS 384 -9770 657 -12798 11 -1032 129 632
TRANS 554 152 324 8268 645 190 820 -8316 50 -7772
TRANS 868 160 323 4902 574 -9446 65 -1656 830 2790 952 -642
TRANS 961 858 349 -4682 831 -868
TRANS 384 -1698 500 482
TRANS 448 -21894 431 -804 559 -9836
TRANS 373 364 629 -860 290 1226
TRANS 120 9020 398 -8684 644 -1636 386 -7408
TRANS 216 112
TRANS 599 -7608 858 -358 960 300
TRANS 391 404 605 -1662 222 -754
TRANS 851 4722 811 -18 73 3472 200 -148 965 2166
TRANS 702 456
TRANS 917 468
TRANS 867 -106
TRANS 956 -4644 881 -9728 117 -12218 959 -12998 608 3122 960 -450
TRANS 770 -252 690 -8480 904 -4186 719 5230 689 -11686 988 1734
TRANS 142 3124 204 -942 696 -32 283 46 512 6632
TRANS 470 -8920 272 10918 797 3620 727 -182 433 5398
TRANS 688 20492 391 640
TRANS 811 30
TRANS 147 2578 192 15974 526 2388 212 356
TRANS 724 554 830 1664
TRANS 102 -3072 897 -10002 380 -19256
TRANS 499 -3768 653 1566
TRANS 790 -7780 38 -6086 223 -31426 883 1932 238 -3882 4 2608
TRANS 169 -1970
TRANS 999 1144 930 -2186
TRANS 826 -5352 749 3598 599 6360 182 -2
TRANS 409 -322 231 360 657 -2104 983 -1420
TRANS 572 2694 575 6534 513 2948 545 -1806 445 12712
TRANS 896 -292 448 -12698 380 3634
TRANS 979 -13288 81 -1592 733 130 641 -5284 481 222
TRANS 20 -1196
TRANS 317 -9928 809 -21394 389 1776 874 826 615 -18334
TRANS 245 -9462 609 -7754 87 -3570
TRANS 411 48 716 -13760 991 2626 26 622
TRANS 890 7246 520 27678 807 5708
TRANS 340 8672 192 -4396 386 -436 709 1058 402 1796
TRANS 730 -440 160 46 500 2152 750 574 317 -60 19 250
TRANS 261 3022 481 404 789 -22902 424 15966 199 3832
TRANS 584 -5620 48 -4112
TRANS 51 -1620 255 636
TRANS 289 -2294
TRANS 391 -2332 277 -764 707 2402
TRANS 967 4476 640 -16
TRANS 285 -738 313 -786 647 6782 418 -6422 404 -14866 295 -1656
TRANS 901 -16696 224 5596 289 5858 932 -5192 812 56 331 -10674
TRANS 650 1866 928 -1032 163 942
TRANS 828 -3950
TRANS 184 -6276 705 -8558 930 -1850 393 -1681 252 15468
TRANS 145 -10852 629 -8250
TRANS 793 2822 637 -1470 198 7592 701 -5836 543 -7076
TRANS 480 8032 734 6760 578 258 470 1844 479 -6744
TRANS 349 258 951 8646 568 -6298
TRANS 995 -7480
TRANS 903 -3018 643 -3610 861 134
TRANS 403 8228
TRANS 234 5398 350 46 881 122 821 -5056 377 24650
TRANS 77 -36834 311 1440 335 -24634
TRANS 681 222 268 4386 751 -858 35 -21996
TRANS 963 16636 514 8908 951 -6152
TRANS 302 -4632
TRANS 123 1392
TRANS 115 3702
TRANS 883 -2170 854 250 410 8636
TRANS 938 348 833 -2678
TRANS 436 11760 651 13182 182 -3462 905 -11250 319 -32 40 -6800
TRANS 866 -5412 921 -2288 561 -3924 403 -1306
TRANS 608 11952 308 6720 260 1932 335 -1710
TRANS 770 156 936 6154 196 -3738
TRANS 307 5570 139 -3118 593 1064 564 -570 535 -1078 950 -278
TRANS 392 1092 345 -19122 521 -17798 14 14 840 680 402 9332
TRANS 337 -7368 667 -19162 539 2416 964 -8222
TRANS 908 -678 235 -246 825 -74 895 2724 307 1218
TRANS 3 -1412
TRANS 508 -13636 288 -1742 567 6214 12 13248 378 3230
TRANS 721 -22552 29 2972
TRANS 699 -1254 992 -8828 241 -2 854 388 605 44
TRANS 607 28284 222 684
TRANS 331 212 72 -788 458 30 287 3408 568 -6360
TRANS 592 48 296 9968 421 -6794 283 -130 480 -22206 559 92
TRANS 71 -39710 13 1326 665 -26 957 -9334 909 566
TRANS 718 -18 883 -808 382 -7484 516 -440
TRANS 811 -4 367 -524 251 16966
TRANS 701 -4362 198 -6504
TRANS 641 -1032 284 1832 259 -782 4 4600 971 -3442
TRANS 433 10800
TRANS 814 7244 8 494 651 -3722 105 -1290 219 -14
TRANS 450 100
TRANS 648 350 419 13916 631 3572
TRANS 242 -1374 652 33690 617 2880 997 846 83 2
TRANS 139 1784 703 6094 315 2414 159 2978 514 11894 334 166
TRANS 333 -1178 440 16476 415 -10696 973 -11452
TRANS 976 -3108 108 1612
TRANS 508 -1990 254 532 150 3390 127 -10266 416 3828
TRANS 300 9516
TRANS 986 -2880
TRANS 670 9234 860 2156 916 8614 318 -22
TRANS 293 2616 303 -3354 807 866 232 -4436
TRANS 733 -468 360 6176 577 208 527 -2272 442 -2 214 630
TRANS 235 566
TRANS 229 6494 317 -10 203 1682 543 13204
TRANS 764 -98
TRANS 347 36640 210 582 624 -5226 806 1280
TRANS 685 -13100
TRANS 314 8192 517 21256 228 17670
TRANS 808 -626 290 -2304 658 7476 248 6976
TRANS 363 -318 943 14 472 -6998 492 6810 72 6256
TRANS 637 -968 779 -626 647 9578
TRANS 360 -23720
TRANS 333 26 142 13760 568 434 127 -2224 757 -316
TRANS 413 -798 942 2454 890 3274
TRANS 962 -198
TRANS 598 -238 460 2188 413 3210
TRANS 773 8836 437 32 797 6520 431 -116 433 5188 883 -506
TRANS 763 2276 36 -458 541 -41510
TRANS 223 480 922 5736 187 6
TRANS 778 -9370 945 666 225 1152 316 11092 378 3584 112 -104
TRANS 668 2104
TRANS 668 6754
TRANS 55 33134 414 170 634 9618 569 300 890 21982 595 7374
TRANS 696 2647 272 8182 79 8792 859 -76 416 -9142
TRANS 435 -32 625 3546 368 -1388 509 1372 263 1750 498 -18434
TRANS 405 -1372 868 -342 742 7438
TRANS 641 -10 318 -8 594 -5454 980 -566 686 2466 677 4550
TRANS 653 -3002 280 1346 83 6 116 -88 642 -586
TRANS 398 -616 549 8406 301 3720 442 4922 759 -266 113 18
TRANS 734 -15776 379 -1934 537 258 414 44 571 -584
TRANS 715 8270
TRANS 708 -324 500 -3156
TRANS 400 1754 308 4142 295 1182 219 1463 684 44 463 4474
TRANS 841 3670 387 -1844 943 -32
TRANS 209 58 120 -17680 859 6492 743 -34 284 -15236 757 3172
TRANS 161 14856 362 -2494 837 -16574 414 -208
TRANS 182 310 86 -15770 858 -96 301 6782 622 -12286
TRANS 741 18472
TRANS 919 -2636
TRANS 555 -8060 423 -4276 407 264 474 336 665 364 198 8086
TRANS 91 -11334 754 10040 971 292 96 12 670 -9482
TRANS 768 -3672 637 -168 79 -6916 390 -340 530 28 676 842
TRANS 501 44 763 4926
TRANS 841 -11460 694 -46 551 -1590 422 -5168 668 -5996 183 -5694
TRANS 302 1304 516 -1926 975 -3394 768 -23990
TRANS 931 -6992 864 5360 135 -330 791 -1464 522 2774
TRANS 215 -1392 347 44240 856 -356
TRANS 252 -22336 191 14 48 -2386
CHECK 1
CHECK 2
CHECK 13
CHECK 14
CHECK 15
CHECK 16
CHECK 17
CHECK 18
CHECK 19
CHECK 20
CHECK 21
CHECK 22
CHECK 23
CHECK 24
CHECK 25
CHECK 26
CHECK 27
CHECK 28
CHECK 29
CHECK 30
CHECK 31
CHECK 32
CHECK 33
CHECK 34
CHECK 35
CHECK 36
CHECK 37
CHECK 38
CHECK 39
CHECK 40
CHECK 41
CHECK 42
CHECK 43
CHECK 44
CHECK 45
CHECK 46
CHECK 47
CHECK 48
CHECK 49
CHECK 50
CHECK 51
CHECK 52
CHECK 53
CHECK 54
CHECK 55
CHECK 56
CHECK 57
CHECK 58
CHECK 59
CHECK 60
CHECK 61
CHECK 62
CHECK 63
CHECK 64
CHECK 65
CHECK 66
CHECK 67
CHECK 68
CHECK 69
CHECK 70
CHECK 71
CHECK 72
CHECK 73
CHECK 74
CHECK 75
CHECK 76
CHECK 77
CHECK 78
CHECK 79
CHECK 80
CHECK 81
CHECK 82
CHECK 83
CHECK 84
CHECK 85
CHECK 86
CHECK 87
CHECK 88
CHECK 89
CHECK 90
CHECK 91
CHECK 92
CHECK 93
CHECK 94
CHECK 95
CHECK 96
CHECK 97
CHECK 98
CHECK 99
CHECK 100
CHECK 101
CHECK 102
CHECK 103
CHECK 104
CHECK 105
CHECK 106
CHECK 107
CHECK 108
CHECK 109
CHECK 110
CHECK 111
CHECK 112
CHECK 113
CHECK 114
CHECK 115
CHECK 116
CHECK 117
CHECK 118
CHECK 119
CHECK 120
CHECK 121
CHECK 122
CHECK 123
CHECK 124
CHECK 125
CHECK 126
CHECK 127
CHECK 128
CHECK 129
CHECK 130
CHECK 131
CHECK 132
CHECK 133
CHECK 134
CHECK 135
CHECK 136
CHECK 137
CHECK 138
CHECK 139
CHECK 140
CHECK 141
CHECK 142
CHECK 143
CHECK 144
CHECK 145
CHECK 146
CHECK 147
CHECK 148
CHECK 149
CHECK 150
CHECK 151
CHECK 152
CHECK 153
CHECK 154
CHECK 155
CHECK 156
CHECK 157
CHECK 158
CHECK 159
CHECK 160
CHECK 161
CHECK 162
CHECK 163
CHECK 164
CHECK 165
CHECK 166
CHECK 167
CHECK 168
CHECK 169
CHECK 170
CHECK 171
CHECK 172
CHECK 173
CHECK 174
CHECK 175
CHECK 176
CHECK 177
CHECK 178
CHECK 179
CHECK 180
CHECK 181
CHECK 182
CHECK 183
CHECK 184
CHECK 185
CHECK 186
CHECK 187
CHECK 188
CHECK 189
CHECK 190
CHECK 191
CHECK 192
CHECK 193
CHECK 194
CHECK 195
CHECK 196
CHECK 197
CHECK 198
CHECK 199
CHECK 200
CHECK 201
CHECK 202
CHECK 203
CHECK 204
CHECK 205
CHECK 206
CHECK 207
CHECK 208
CHECK 209
CHECK 210
CHECK 211
CHECK 212
CHECK 213
CHECK 214
CHECK 215
CHECK 216
CHECK 217
CHECK 218
CHECK 219
CHECK 220
CHECK 221
CHECK 222
CHECK 223
CHECK 224
CHECK 225
CHECK 226
CHECK 227
CHECK 228
CHECK 229
CHECK 230
CHECK 231
CHECK 232
CHECK 233
CHECK 234
CHECK 235
CHECK 236
CHECK 237
CHECK 238
CHECK 239
CHECK 240
CHECK 241
CHECK 242
CHECK 243
CHECK 244
CHECK 245
CHECK 246
CHECK 247
CHECK 248
CHECK 249
CHECK 250
CHECK 251
CHECK 252
CHECK 253
CHECK 254
CHECK 255
CHECK 256
CHECK 257
CHECK 258
CHECK 259
CHECK 260
CHECK 261
CHECK 262
CHECK 263
CHECK 264
CHECK 265
CHECK 266
CHECK 267
CHECK 268
CHECK 269
CHECK 270
CHECK 271
CHECK 272
CHECK 273
CHECK 274
CHECK 275
CHECK 276
CHECK 277
CHECK 278
CHECK 279
CHECK 280
CHECK 281
CHECK 282
CHECK 283
CHECK 284
CHECK 285
CHECK 286
CHECK 287
CHECK 288
CHECK 289
CHECK 290
CHECK 291
CHECK 292
CHECK 293
CHECK 294
CHECK 295
CHECK 296
CHECK 297
CHECK 298
CHECK 299
CHECK 300
CHECK 301
CHECK 302
CHECK 303
CHECK 304
CHECK 305
CHECK 306
CHECK 307
CHECK 308
CHECK 309
CHECK 310
CHECK 311
CHECK 312
CHECK 313
CHECK 314
CHECK 315
CHECK 316
CHECK 317
CHECK 318
CHECK 319
CHECK 320
CHECK 321
CHECK 322
CHECK 323
CHECK 324
CHECK 325
CHECK 326
CHECK 327
CHECK 328
CHECK 329
CHECK 330
CHECK 331
CHECK 332
CHECK 333
CHECK 334
CHECK 335
CHECK 336
CHECK 337
CHECK 338
CHECK 339
CHECK 340
CHECK 341
CHECK 342
CHECK 343
CHECK 344
CHECK 345
CHECK 346
CHECK 347
CHECK 348
CHECK 349
CHECK 350
CHECK 351
CHECK 352
CHECK 353
CHECK 354
CHECK 355
CHECK 356
CHECK 357
CHECK 358
CHECK 359
CHECK 360
CHECK 361
CHECK 362
CHECK 363
CHECK 364
CHECK 365
CHECK 366
CHECK 367
CHECK 368
CHECK 369
CHECK 370
CHECK 371
CHECK 372
CHECK 373
CHECK 374
CHECK 375
CHECK 376
CHECK 377
CHECK 378
CHECK 379
CHECK 380
CHECK 381
CHECK 382
CHECK 383
CHECK 384
CHECK 385
CHECK 386
CHECK 387
CHECK 388
CHECK 389
CHECK 390
CHECK 391
CHECK 392
CHECK 393
CHECK 394
CHECK 395
CHECK 396
CHECK 397
CHECK 398
CHECK 399
CHECK 400
CHECK 401
CHECK 402
CHECK 403
CHECK 404
CHECK 405
CHECK 406
CHECK 407
CHECK 408
CHECK 409
CHECK 410
CHECK 411
CHECK 412
CHECK 413
CHECK 414
CHECK 415
CHECK 416
CHECK 417
CHECK 418
CHECK 419
CHECK 420
CHECK 421
CHECK 422
CHECK 423
CHECK 424
CHECK 425
CHECK 426
CHECK 427
CHECK 428
CHECK 429
CHECK 430
CHECK 431
CHECK 432
CHECK 433
CHECK 434
CHECK 435
CHECK 436
CHECK 437
CHECK 438
CHECK 439
CHECK 440
CHECK 441
CHECK 442
CHECK 443
CHECK 444
CHECK 445
CHECK 446
CHECK 447
CHECK 448
CHECK 449
CHECK 450
CHECK 451
CHECK 452
CHECK 453
CHECK 454
CHECK 455
CHECK 456
CHECK 457
CHECK 458
CHECK 459
CHECK 460
CHECK 461
CHECK 462
CHECK 463
CHECK 464
CHECK 465
CHECK 466
CHECK 467
CHECK 468
CHECK 469
CHECK 470
CHECK 471
CHECK 472
CHECK 473
CHECK 474
CHECK 475
CHECK 476
CHECK 477
CHECK 478
CHECK 479
CHECK 480
CHECK 481
CHECK 482
CHECK 483
CHECK 484
CHECK 485
CHECK 486
CHECK 487
CHECK 488
CHECK 489
CHECK 490
CHECK 491
CHECK 492
CHECK 493
CHECK 494
CHECK 495
CHECK 496
CHECK 497
CHECK 498
CHECK 499
CHECK 500
CHECK 501
CHECK 502
CHECK 503
CHECK 504
CHECK 505
CHECK 506
CHECK 507
CHECK 508
CHECK 509
CHECK 510
CHECK 511
CHECK 512
CHECK 513
CHECK 514
CHECK 515
CHECK 516
CHECK 517
CHECK 518
CHECK 519
CHECK 520
CHECK 521
CHECK 522
CHECK 523
CHECK 524
CHECK 525
CHECK 526
CHECK 527
CHECK 528
CHECK 529
CHECK 530
CHECK 531
CHECK 532
CHECK 533
CHECK 534
CHECK 535
CHECK 536
CHECK 537
CHECK 538
CHECK 539
CHECK 540
CHECK 541
CHECK 542
CHECK 543
CHECK 544
CHECK 545
CHECK 546
CHECK 547
CHECK 548
CHECK 549
CHECK 550
CHECK 551
CHECK 552
CHECK 553
CHECK 554
CHECK 555
CHECK 556
CHECK 557
CHECK 558
CHECK 559
CHECK 560
CHECK 561
CHECK 562
CHECK 563
CHECK 564
CHECK 565
CHECK 566
CHECK 567
CHECK 568
CHECK 569
CHECK 570
CHECK 571
CHECK 572
CHECK 573
CHECK 574
CHECK 575
CHECK 576
CHECK 577
CHECK 578
CHECK 579
CHECK 580
CHECK 581
CHECK 582
CHECK 583
CHECK 584
CHECK 585
CHECK 586
CHECK 587
CHECK 588
CHECK 589
CHECK 590
CHECK 591
CHECK 592
CHECK 593
CHECK 594
CHECK 595
CHECK 596
CHECK 597
CHECK 598
CHECK 599
CHECK 600
CHECK 601
CHECK 602
CHECK 603
CHECK 604
CHECK 605
CHECK 606
CHECK 607
CHECK 608
CHECK 609
CHECK 610
CHECK 611
CHECK 612
CHECK 613
CHECK 614
CHECK 615
CHECK 616
CHECK 617
CHECK 618
CHECK 619
CHECK 620
CHECK 621
CHECK 622
CHECK 623
CHECK 624
CHECK 625
CHECK 626
CHECK 627
CHECK 628
CHECK 629
CHECK 630
CHECK 631
CHECK 632
CHECK 633
CHECK 634
CHECK 635
CHECK 636
CHECK 637
CHECK 638
CHECK 639
CHECK 640
CHECK 641
CHECK 642
CHECK 643
CHECK 644
CHECK 645
CHECK 646
CHECK 647
CHECK 648
CHECK 649
CHECK 650
CHECK 651
CHECK 652
CHECK 653
CHECK 654
CHECK 655
CHECK 656
CHECK 657
CHECK 658
CHECK 659
CHECK 660
CHECK 661
CHECK 662
CHECK 663
CHECK 664
CHECK 665
CHECK 666
CHECK 667
CHECK 668
CHECK 669
CHECK 670
CHECK 671
CHECK 672
CHECK 673
CHECK 674
CHECK 675
CHECK 676
CHECK 677
CHECK 678
CHECK 679
CHECK 680
CHECK 681
CHECK 682
CHECK 683
CHECK 684
CHECK 685
CHECK 686
CHECK 687
CHECK 688
CHECK 689
CHECK 690
CHECK 691
CHECK 692
CHECK 693
CHECK 694
CHECK 695
CHECK 696
CHECK 697
CHECK 698
CHECK 699
CHECK 700
CHECK 701
CHECK 702
CHECK 703
CHECK 704
CHECK 705
CHECK 706
CHECK 707
CHECK 708
CHECK 709
CHECK 710
CHECK 711
CHECK 712
CHECK 713
CHECK 714
CHECK 715
CHECK 716
CHECK 717
CHECK 718
CHECK 719
CHECK 720
CHECK 721
CHECK 722
CHECK 723
CHECK 724
CHECK 725
CHECK 726
CHECK 727
CHECK 728
CHECK 729
CHECK 730
CHECK 731
CHECK 732
CHECK 733
CHECK 734
CHECK 735
CHECK 736
CHECK 737
CHECK 738
CHECK 739
CHECK 740
CHECK 741
CHECK 742
CHECK 743
CHECK 744
CHECK 745
CHECK 746
CHECK 747
CHECK 748
CHECK 749
CHECK 750
CHECK 751
CHECK 752
CHECK 753
CHECK 754
CHECK 755
CHECK 756
CHECK 757
CHECK 758
CHECK 759
CHECK 760
CHECK 761
CHECK 762
CHECK 763
CHECK 764
CHECK 765
CHECK 766
CHECK 767
CHECK 768
CHECK 769
CHECK 770
CHECK 771
CHECK 772
CHECK 773
CHECK 774
CHECK 775
CHECK 776
CHECK 777
CHECK 778
CHECK 779
CHECK 780
CHECK 781
CHECK 782
CHECK 783
CHECK 784
CHECK 785
CHECK 786
CHECK 787
CHECK 788
CHECK 789
CHECK 790
CHECK 791
CHECK 792
CHECK 793
CHECK 794
CHECK 795
CHECK 796
CHECK 797
CHECK 798
CHECK 799
CHECK 800
CHECK 801
CHECK 802
CHECK 803
CHECK 804
CHECK 805
CHECK 806
CHECK 807
CHECK 808
CHECK 809
CHECK 810
CHECK 811
CHECK 812
CHECK 813
CHECK 814
CHECK 815
CHECK 816
CHECK 817
CHECK 818
CHECK 819
CHECK 820
CHECK 821
CHECK 822
CHECK 823
CHECK 824
CHECK 825
CHECK 826
CHECK 827
CHECK 828
CHECK 829
CHECK 830
CHECK 831
CHECK 832
CHECK 833
CHECK 834
CHECK 835
CHECK 836
CHECK 837
CHECK 838
CHECK 839
CHECK 840
CHECK 841
CHECK 842
CHECK 843
CHECK 844
CHECK 845
CHECK 846
CHECK 847
CHECK 848
CHECK 849
CHECK 850
CHECK 851
CHECK 852
CHECK 853
CHECK 854
CHECK 855
CHECK 856
CHECK 857
CHECK 858
CHECK 859
CHECK 860
CHECK 861
CHECK 862
CHECK 863
CHECK 864
CHECK 865
CHECK 866
CHECK 867
CHECK 868
CHECK 869
CHECK 870
CHECK 871
CHECK 872
CHECK 873
CHECK 874
CHECK 875
CHECK 876
CHECK 877
CHECK 878
CHECK 879
CHECK 880
CHECK 881
CHECK 882
CHECK 883
CHECK 884
CHECK 885
CHECK 886
CHECK 887
CHECK 888
CHECK 889
CHECK 890
CHECK 891
CHECK 892
CHECK 893
CHECK 894
CHECK 895
CHECK 896
CHECK 897
CHECK 898
CHECK 899
CHECK 900
CHECK 901
CHECK 902
CHECK 903
CHECK 904
CHECK 905
CHECK 906
CHECK 907
CHECK 908
CHECK 909
CHECK 910
CHECK 911
CHECK 912
CHECK 913
CHECK 914
CHECK 915
CHECK 916
CHECK 917
CHECK 918
CHECK 919
CHECK 920
CHECK 921
CHECK 922
CHECK 923
CHECK 924
CHECK 925
CHECK 926
CHECK 927
CHECK 928
CHECK 929
CHECK 930
CHECK 931
CHECK 932
CHECK 933
CHECK 934
CHECK 935
CHECK 936
CHECK 937
CHECK 938
CHECK 939
CHECK 940
CHECK 941
CHECK 942
CHECK 943
CHECK 944
CHECK 945
CHECK 946
CHECK 947
CHECK 948
CHECK 949
CHECK 950
CHECK 951
CHECK 952
CHECK 953
CHECK 954
CHECK 955
CHECK 956
CHECK 957
CHECK 958
CHECK 959
CHECK 960
CHECK 961
CHECK 962
CHECK 963
CHECK 964
CHECK 965
CHECK 966
CHECK 967
CHECK 968
CHECK 969
CHECK 970
CHECK 971
CHECK 972
CHECK 973
CHECK 974
CHECK 975
CHECK 976
CHECK 977
CHECK 978
CHECK 979
CHECK 980
CHECK 981
CHECK 982
CHECK 983
CHECK 984
CHECK 985
CHECK 986
CHECK 987
CHECK 988
CHECK 989
CHECK 990
CHECK 991
CHECK 992
CHECK 993
CHECK 994
CHECK 995
CHECK 996
CHECK 997
CHECK 998
CHECK 999
CHECK 1000
END